00196  20200901 20200910 20200925 10981 00000009656.00
00265  20200901 20200910 20200925 10409 00000002044.00
00271  20200901 20200910 20200925 10376 00000028609.00
00282  20200901 20200910 20200925 10412 00000002355.00
00320  20200901 20200910 20200925 10254 00000019393.00
00399  20200901 20200910 20200925 10237 00000000571.00
00428  20200901 20200910 20200925 10032 00000003672.00
00463  20200901 20200910 20200925 10672 00000014398.00
00473  20200901 20200910 20200925 10351 00000005970.00
00507  20200901 20200910 20200925 13345 00000001946.00
00554  20200901 20200910 20200925 11248 00000010961.00
00604  20200901 20200910 20200925 10417 00000001350.00
00645  20200901 20200910 20200925 12930 00000003064.00
00800  20200901 20200910 20200925 10330 00000006160.00
00839  20200901 20200910 20200925 10266 00000031513.00
00841  20200901 20200910 20200925 10384 00000001212.00
00845  20200901 20200910 20200925 10126 00000000651.00
00888  20200901 20200910 20200925 10205 00000009995.00
00906  20200901 20200910 20200925 10413 00000006834.00
00908  20200901 20200910 20200925 10209 00000020270.00
00924  20200901 20200910 20200925 13549 00000002482.00
00925  20200901 20200910 20200925 10601 00000009143.00
00944  20200901 20200910 20200925 10110 00000009080.00
00971  20200901 20200910 20200925 10093 00000000694.00
00973  20200901 20200910 20200925 10442 00000002295.00
01016  20200901 20200910 20200925 13187 00000001202.00
01038  20200901 20200910 20200925 11343 00000000468.00
01040  20200901 20200910 20200925 14006 00000009005.00
01055  20200901 20200910 20200925 13368 00000006097.00
01059  20200901 20200910 20200925 13186 00000004298.00
01066  20200901 20200910 20200925 13148 00000000873.00
01086  20200901 20200910 20200925 12061 00000004687.00
01110  20200901 20200910 20200925 10444 00000009001.00
01120  20200901 20200910 20200925 10425 00000001410.00
01230  20200901 20200910 20200925 10079 00000010309.00
01241  20200901 20200910 20200925 10623 00000001184.00
01245  20200901 20200910 20200925 10172 00000005144.00
01264  20200901 20200910 20200925 11892 00000002512.00
01301  20200901 20200910 20200925 11164 00000001286.00
01321  20200901 20200910 20200925 10352 00000009602.00
01328  20200901 20200910 20200925 11385 00000000645.00
01379  20200901 20200910 20200925 12000 00000005429.00
01390  20200901 20200910 20200925 13336 00000005456.00
01407  20200901 20200910 20200925 10027 00000002289.00
01427  20200901 20200910 20200925 10316 00000003986.00
01430  20200901 20200910 20200925 13306 00000001745.00
01477  20200901 20200910 20200925 13232 00000016014.00
01501  20200901 20200910 20200925 10701 00000008676.00
01523  20200901 20200910 20200925 11799 00000006729.00
01525  20200901 20200910 20200925 10283 00000017496.00
01527  20200901 20200910 20200925 10118 00000027780.00
01540  20200901 20200910 20200925 10146 00000008221.00
01567  20200901 20200910 20200925 14137 00000001684.00
01573  20200901 20200910 20200925 10467 00000011421.00
01594  20200901 20200910 20200925 11549 00000005860.00
01600  20200901 20200910 20200925 11666 00000011823.00
01601  20200901 20200910 20200925 10282 00000008648.00
01603  20200901 20200910 20200925 13752 00000010367.00
01618  20200901 20200910 20200925 10931 00000000368.00
01664  20200901 20200910 20200925 12077 00000009449.00
01668  20200901 20200910 20200925 10113 00000004394.00
01671  20200901 20200910 20200925 10070 00000006071.00
01683  20200901 20200910 20200925 14286 00000000962.00
01699  20200901 20200910 20200925 10399 00000007991.00
01706  20200901 20200910 20200925 11152 00000030869.00
01714  20200901 20200910 20200925 10507 00000008806.00
01716  20200901 20200910 20200925 10751 00000001028.00
01717  20200901 20200910 20200925 10313 00000014231.00
01719  20200901 20200910 20200925 10174 00000010866.00
01733  20200901 20200910 20200925 10333 00000005481.00
01754  20200901 20200910 20200925 10213 00000011352.00
01758  20200901 20200910 20200925 10367 00000001037.00
01764  20200901 20200910 20200925 10106 00000006828.00
01790  20200901 20200910 20200925 12181 00000000638.00
01795  20200901 20200910 20200925 10060 00000005797.00
01798  20200901 20200910 20200925 12380 00000003926.00
01812  20200901 20200910 20200925 10443 00000001214.00
01832  20200901 20200910 20200925 11935 00000005719.00
01838  20200901 20200910 20200925 11398 00000010541.00
01839  20200901 20200910 20200925 10678 00000008694.00
01841  20200901 20200910 20200925 14437 00000001696.00
01882  20200901 20200910 20200925 12890 00000024633.00
01884  20200901 20200910 20200925 13205 00000004888.00
01896  20200901 20200910 20200925 11307 00000002649.00
01932  20200901 20200910 20200925 14210 00000002884.00
01936  20200901 20200910 20200925 11553 00000004402.00
01954  20200901 20200910 20200925 11252 00000016429.00
01962  20200901 20200910 20200925 12019 00000006367.00
01973  20200901 20200910 20200925 10292 00000007249.00
01974  20200901 20200910 20200925 14331 00000007160.00
01979  20200901 20200910 20200925 13273 00000001317.00
01989  20200901 20200910 20200925 12201 00000004749.00
01993  20200901 20200910 20200925 10462 00000011716.00
01996  20200901 20200910 20200925 10416 00000007132.00
02010  20200901 20200910 20200925 10919 00000004896.00
02022  20200901 20200910 20200925 10322 00000015258.00
02024  20200901 20200910 20200925 10182 00000022450.00
02039  20200901 20200910 20200925 10339 00000018881.00
02049  20200901 20200910 20200925 13373 00000009285.00
02055  20200901 20200910 20200925 10335 00000005104.00
02072  20200901 20200910 20200925 10428 00000023626.00
02073  20200901 20200910 20200925 10980 00000002931.00
02080  20200901 20200910 20200925 10345 00000003644.00
02089  20200901 20200910 20200925 11345 00000010038.00
02103  20200901 20200910 20200925 10094 00000007091.00
02113  20200901 20200910 20200925 12035 00000004961.00
02115  20200901 20200910 20200925 10105 00000003559.00
02116  20200901 20200910 20200925 10200 00000002849.00
02117  20200901 20200910 20200925 10087 00000009780.00
02126  20200901 20200910 20200925 10268 00000006609.00
02129  20200901 20200910 20200925 10688 00000004538.00
02131  20200901 20200910 20200925 12830 00000003240.00
02139  20200901 20200910 20200925 10144 00000004944.00
02176  20200901 20200910 20200925 10464 00000004023.00
02179  20200901 20200910 20200925 11620 00000029631.00
02226  20200901 20200910 20200925 13123 00000001157.00
02242  20200901 20200910 20200925 10312 00000001986.00
02258  20200901 20200910 20200925 10947 00000001914.00
02263  20200901 20200910 20200925 13396 00000000680.00
02266  20200901 20200910 20200925 10285 00000001383.00
02277  20200901 20200910 20200925 10164 00000010215.00
02293  20200901 20200910 20200925 10077 00000002498.00
02311  20200901 20200910 20200925 11244 00000004072.00
02335  20200901 20200910 20200925 12621 00000003288.00
02338  20200901 20200910 20200925 10088 00000043255.00
02346  20200901 20200910 20200925 12178 00000004643.00
02355  20200901 20200910 20200925 10657 00000005480.00
02396  20200901 20200910 20200925 12515 00000002815.00
02399  20200901 20200910 20200925 11413 00000009769.00
02438  20200901 20200910 20200925 11634 00000003539.00
02456  20200901 20200910 20200925 11587 00000006014.00
02477  20200901 20200910 20200925 14167 00000001535.00
02480  20200901 20200910 20200925 11994 00000009874.00
02481  20200901 20200910 20200925 12571 00000007782.00
02495  20200901 20200910 20200925 10229 00000008163.00
02505  20200901 20200910 20200925 10195 00000014112.00
02507  20200901 20200910 20200925 10232 00000005414.00
02521  20200901 20200910 20200925 13163 00000007858.00
02533  20200901 20200910 20200925 10784 00000005619.00
02541  20200901 20200910 20200925 11840 00000008125.00
02552  20200901 20200910 20200925 13357 00000004682.00
02564  20200901 20200910 20200925 11319 00000000228.00
02572  20200901 20200910 20200925 11937 00000001293.00
02579  20200901 20200910 20200925 10101 00000012416.00
02580  20200901 20200910 20200925 10523 00000001922.00
02582  20200901 20200910 20200925 10490 00000011870.00
02589  20200901 20200910 20200925 10645 00000012690.00
02590  20200901 20200910 20200925 10135 00000006398.00
02591  20200901 20200910 20200925 11558 00000021463.00
02594  20200901 20200910 20200925 14118 00000005965.00
02615  20200901 20200910 20200925 13103 00000021028.00
02621  20200901 20200910 20200925 13410 00000005864.00
02628  20200901 20200910 20200925 11752 00000007336.00
02629  20200901 20200910 20200925 11389 00000004370.00
02630  20200901 20200910 20200925 12171 00000003752.00
02635  20200901 20200910 20200925 10049 00000002668.00
02659  20200901 20200910 20200925 10296 00000004659.00
02660  20200901 20200910 20200925 11512 00000006555.00
02661  20200901 20200910 20200925 10427 00000008633.00
02663  20200901 20200910 20200925 13545 00000010391.00
02673  20200901 20200910 20200925 11484 00000005252.00
02694  20200901 20200910 20200925 13745 00000047627.00
02698  20200901 20200910 20200925 11218 00000018110.00
02702  20200901 20200910 20200925 13288 00000000746.00
02717  20200901 20200910 20200925 10432 00000004146.00
02725  20200901 20200910 20200925 13366 00000011452.00
02729  20200901 20200910 20200925 10899 00000005907.00
02765  20200901 20200910 20200925 13283 00000013580.00
02766  20200901 20200910 20200925 10166 00000004986.00
02767  20200901 20200910 20200925 13011 00000008059.00
02768  20200901 20200910 20200925 10293 00000012073.00
02782  20200901 20200910 20200925 13600 00000011040.00
02797  20200901 20200910 20200925 11268 00000001487.00
02820  20200901 20200910 20200925 10708 00000006324.00
02833  20200901 20200910 20200925 11552 00000003636.00
02837  20200901 20200910 20200925 11651 00000002836.00
02869  20200901 20200910 20200925 13325 00000004266.00
02879  20200901 20200910 20200925 12558 00000001394.00
02902  20200901 20200910 20200925 12010 00000006445.00
02908  20200901 20200910 20200925 11774 00000004004.00
02922  20200901 20200910 20200925 10778 00000018893.00
02929  20200901 20200910 20200925 10521 00000016040.00
02952  20200901 20200910 20200925 13245 00000017830.00
02974  20200901 20200910 20200925 12160 00000007998.00
02975  20200901 20200910 20200925 10876 00000004103.00
02986  20200901 20200910 20200925 10311 00000005330.00
02994  20200901 20200910 20200925 10996 00000014274.00
03002  20200901 20200910 20200925 12486 00000001907.00
03072  20200901 20200910 20200925 11836 00000024959.00
03073  20200901 20200910 20200925 10696 00000003637.00
03088  20200901 20200910 20200925 10988 00000022907.00
03089  20200901 20200910 20200925 11814 00000003799.00
03135  20200901 20200910 20200925 13485 00000083847.00
03143  20200901 20200910 20200925 10680 00000006738.00
03166  20200901 20200910 20200925 13047 00000012086.00
03174  20200901 20200910 20200925 13301 00000009776.00
03181  20200901 20200910 20200925 13453 00000010788.00
03187  20200901 20200910 20200925 10277 00000015608.00
03188  20200901 20200910 20200925 12251 00000003076.00
03198  20200901 20200910 20200925 10769 00000012451.00
03203  20200901 20200910 20200925 10687 00000020195.00
03206  20200901 20200910 20200925 11610 00000001842.00
03215  20200901 20200910 20200925 10196 00000006195.00
03233  20200901 20200910 20200925 14017 00000003104.00
03255  20200901 20200910 20200925 11387 00000006146.00
03274  20200901 20200910 20200925 12992 00000004185.00
03278  20200901 20200910 20200925 13506 00000002897.00
03300  20200901 20200910 20200925 14227 00000018681.00
03309  20200901 20200910 20200925 12256 00000002778.00
03320  20200901 20200910 20200925 13760 00000028728.00
03321  20200901 20200910 20200925 13666 00000001327.00
03322  20200901 20200910 20200925 12289 00000010246.00
03324  20200901 20200910 20200925 11959 00000003446.00
03355  20200901 20200910 20200925 10134 00000012719.00
03359  20200901 20200910 20200925 11997 00000002516.00
03362  20200901 20200910 20200925 12477 00000003795.00
03363  20200901 20200910 20200925 11314 00000007373.00
03364  20200901 20200910 20200925 12333 00000007578.00
03370  20200901 20200910 20200925 10373 00000096835.00
03372  20200901 20200910 20200925 12919 00000005359.00
03374  20200901 20200910 20200925 11291 00000002272.00
03382  20200901 20200910 20200925 10514 00000001488.00
03394  20200901 20200910 20200925 12501 00000003827.00
03435  20200901 20200910 20200925 12914 00000040263.00
03446  20200901 20200910 20200925 10233 00000003613.00
03453  20200901 20200910 20200925 10718 00000045387.00
03454  20200901 20200910 20200925 11507 00000009612.00
03455  20200901 20200910 20200925 12011 00000011005.00
03467  20200901 20200910 20200925 10228 00000003345.00
03473  20200901 20200910 20200925 13068 00000012725.50
03485  20200901 20200910 20200925 13110 00000002677.00
03496  20200901 20200910 20200925 10714 00000001327.00
03502  20200901 20200910 20200925 11293 00000002159.00
03508  20200901 20200910 20200925 13408 00000004033.00
03518  20200901 20200910 20200925 10033 00000005964.00
03532  20200901 20200910 20200925 12007 00000003260.00
03539  20200901 20200910 20200925 10475 00000036061.00
03569  20200901 20200910 20200925 10271 00000007698.00
03590  20200901 20200910 20200925 10441 00000008697.00
03603  20200901 20200910 20200925 12591 00000009333.00
03605  20200901 20200910 20200925 12280 00000008183.00
03606  20200901 20200910 20200925 11176 00000002580.00
03611  20200901 20200910 20200925 12159 00000007073.00
03614  20200901 20200910 20200925 12030 00000009020.00
03616  20200901 20200910 20200925 11451 00000002920.00
03695  20200901 20200910 20200925 11980 00000002064.00
03704  20200901 20200910 20200925 11342 00000007411.00
03720  20200901 20200910 20200925 11762 00000016581.00
03721  20200901 20200910 20200925 10916 00000001762.00
03725  20200901 20200910 20200925 10560 00000000683.00
03726  20200901 20200910 20200925 13140 00000004671.00
03772  20200901 20200910 20200925 11177 00000005856.00
03792  20200901 20200910 20200925 12658 00000000490.00
03795  20200901 20200910 20200925 11531 00000021460.00
03796  20200901 20200910 20200925 11777 00000005549.00
03808  20200901 20200910 20200925 10583 00000001301.00
03818  20200901 20200910 20200925 12536 00000012545.00
03825  20200901 20200910 20200925 10140 00000006185.00
03837  20200901 20200910 20200925 13526 00000005972.00
03866  20200901 20200910 20200925 11833 00000003073.00
03884  20200901 20200910 20200925 10922 00000011951.00
03909  20200901 20200910 20200925 13050 00000018487.00
03923  20200901 20200910 20200925 10721 00000002484.00
03929  20200901 20200910 20200925 12976 00000005919.00
03945  20200901 20200910 20200925 12916 00000000112.00
04001  20200901 20200910 20200925 13793 00000001012.00
04012  20200901 20200910 20200925 10630 00000002342.00
04034  20200901 20200910 20200925 10684 00000005041.00
04036  20200901 20200910 20200925 12551 00000006743.00
04038  20200901 20200910 20200925 10152 00000005167.00
04041  20200901 20200910 20200925 12457 00000003497.00
04052  20200901 20200910 20200925 13554 00000031156.00
04055  20200901 20200910 20200925 10939 00000013102.00
04057  20200901 20200910 20200925 11195 00000002341.00
04063  20200901 20200910 20200925 10997 00000002341.00
04068  20200901 20200910 20200925 12036 00000002699.00
04098  20200901 20200910 20200925 10965 00000009934.00
04125  20200901 20200910 20200925 11234 00000000783.00
04126  20200901 20200910 20200925 10023 00000002964.00
04135  20200901 20200910 20200925 11977 00000004786.00
04144  20200901 20200910 20200925 11906 00000008116.00
04148  20200901 20200910 20200925 12888 00000008672.00
04154  20200901 20200910 20200925 13270 00000004991.00
04157  20200901 20200910 20200925 10446 00000007116.00
04181  20200901 20200910 20200925 13347 00000003423.00
04202  20200901 20200910 20200925 10840 00000007639.00
04241  20200901 20200910 20200925 10424 00000012216.00
04251  20200901 20200910 20200925 13762 00000004238.00
04262  20200901 20200910 20200925 11283 00000022840.00
04266  20200901 20200910 20200925 13515 00000002286.00
04274  20200901 20200910 20200925 12344 00000008380.00
04277  20200901 20200910 20200925 11919 00000000575.50
04278  20200901 20200910 20200925 13701 00000000348.00
04289  20200901 20200910 20200925 10852 00000011488.00
04294  20200901 20200910 20200925 11344 00000010787.00
04297  20200901 20200910 20200925 10989 00000003531.00
04299  20200901 20200910 20200925 12578 00000004769.00
04303  20200901 20200910 20200925 12209 00000005343.00
04309  20200901 20200910 20200925 10445 00000021272.00
04339  20200901 20200910 20200925 12504 00000003556.00
04364  20200901 20200910 20200925 10220 00000010529.00
04395  20200901 20200910 20200925 13136 00000019894.00
04456  20200901 20200910 20200925 12439 00000002562.00
04465  20200901 20200910 20200925 10323 00000031091.00
04490  20200901 20200910 20200925 11583 00000006970.00
04497  20200901 20200910 20200925 12701 00000034223.00
04509  20200901 20200910 20200925 10501 00000005093.00
04523  20200901 20200910 20200925 11384 00000019073.00
04526  20200901 20200910 20200925 10571 00000008960.00
04537  20200901 20200910 20200925 12613 00000001161.00
04542  20200901 20200910 20200925 13433 00000000154.00
04588  20200901 20200910 20200925 11000 00000005049.00
04590  20200901 20200910 20200925 11019 00000004087.00
04600  20200901 20200910 20200925 11292 00000003655.00
04605  20200901 20200910 20200925 12255 00000003852.00
04606  20200901 20200910 20200925 11953 00000003745.00
04607  20200901 20200910 20200925 10553 00000034270.00
04644  20200901 20200910 20200925 10729 00000008509.00
04652  20200901 20200910 20200925 11715 00000002998.00
04661  20200901 20200910 20200925 11781 00000007412.00
04666  20200901 20200910 20200925 14042 00000005110.00
04673  20200901 20200910 20200925 13987 00000002295.00
04677  20200901 20200910 20200925 10839 00000012643.00
04685  20200901 20200910 20200925 11045 00000000703.00
04688  20200901 20200910 20200925 11922 00000038403.00
04690  20200901 20200910 20200925 12423 00000014053.00
04693  20200901 20200910 20200925 10662 00000024765.00
04716  20200901 20200910 20200925 11382 00000008305.00
04719  20200901 20200910 20200925 11895 00000006053.00
04729  20200901 20200910 20200925 13444 00000004547.00
04733  20200901 20200910 20200925 13414 00000004374.00
04735  20200901 20200910 20200925 11420 00000005467.00
04738  20200901 20200910 20200925 11010 00000012411.00
04742  20200901 20200910 20200925 13565 00000001581.00
04753  20200901 20200910 20200925 11156 00000008341.00
04756  20200901 20200910 20200925 12090 00000013598.00
04762  20200901 20200910 20200925 11824 00000016869.00
04777  20200901 20200910 20200925 12492 00000003248.00
04785  20200901 20200910 20200925 11645 00000006781.00
04787  20200901 20200910 20200925 10668 00000001840.00
04801  20200901 20200910 20200925 14205 00000003661.00
04812  20200901 20200910 20200925 11611 00000004309.00
04818  20200901 20200910 20200925 12556 00000025202.00
04840  20200901 20200910 20200925 12739 00000005285.00
04842  20200901 20200910 20200925 12615 00000003927.00
04844  20200901 20200910 20200925 14337 00000001410.00
04846  20200901 20200910 20200925 11269 00000001962.00
04863  20200901 20200910 20200925 12058 00000021603.00
04866  20200901 20200910 20200925 13529 00000005822.00
04877  20200901 20200910 20200925 11888 00000004020.00
04880  20200901 20200910 20200925 13805 00000003879.00
04882  20200901 20200910 20200925 10757 00000001657.00
04884  20200901 20200910 20200925 13370 00000002119.00
04904  20200901 20200910 20200925 13484 00000004175.00
04920  20200901 20200910 20200925 14283 00000000550.00
04921  20200901 20200910 20200925 10703 00000008233.00
04938  20200901 20200910 20200925 10755 00000009373.00
04960  20200901 20200910 20200925 13151 00000006807.00
04991  20200901 20200910 20200925 10466 00000003529.00
05001  20200901 20200910 20200925 12244 00000006722.00
05002  20200901 20200910 20200925 13776 00000001862.00
05008  20200901 20200910 20200925 12820 00000008906.00
05017  20200901 20200910 20200925 13116 00000045820.00
05019  20200901 20200910 20200925 11949 00000004412.00
05042  20200901 20200910 20200925 10262 00000015492.00
05052  20200901 20200910 20200925 13081 00000010721.00
05060  20200901 20200910 20200925 13072 00000008440.00
05061  20200901 20200910 20200925 13385 00000040058.00
05062  20200901 20200910 20200925 12441 00000002826.00
05074  20200901 20200910 20200925 11138 00000002324.00
05083  20200901 20200910 20200925 14289 00000000687.00
05085  20200901 20200910 20200925 10843 00000007692.00
05125  20200901 20200910 20200925 12132 00000004601.00
05128  20200901 20200910 20200925 14354 00000005649.00
05130  20200901 20200910 20200925 13542 00000004061.00
05132  20200901 20200910 20200925 10651 00000008333.00
05148  20200901 20200910 20200925 13253 00000009878.00
05151  20200901 20200910 20200925 11339 00000003151.00
05158  20200901 20200910 20200925 11709 00000005994.00
05165  20200901 20200910 20200925 12406 00000004866.00
05174  20200901 20200910 20200925 12981 00000004119.00
05185  20200901 20200910 20200925 10679 00000015183.00
05204  20200901 20200910 20200925 12079 00000020695.00
05218  20200901 20200910 20200925 14270 00000020562.00
05219  20200901 20200910 20200925 10903 00000001745.00
05222  20200901 20200910 20200925 11669 00000002646.00
05224  20200901 20200910 20200925 10055 00000010437.00
05226  20200901 20200910 20200925 13427 00000026292.00
05228  20200901 20200910 20200925 13268 00000021207.00
05238  20200901 20200910 20200925 11433 00000003417.00
05243  20200901 20200910 20200925 13115 00000009938.00
05254  20200901 20200910 20200925 13700 00000003790.00
05275  20200901 20200910 20200925 12639 00000006838.00
05319  20200901 20200910 20200925 10878 00000003601.00
05320  20200901 20200910 20200925 11631 00000006962.00
05321  20200901 20200910 20200925 12887 00000018170.00
05323  20200901 20200910 20200925 11897 00000010237.00
05328  20200901 20200910 20200925 13179 00000002993.00
05330  20200901 20200910 20200925 13342 00000002704.00
05333  20200901 20200910 20200925 11931 00000002464.00
05340  20200901 20200910 20200925 10692 00000005381.00
05346  20200901 20200910 20200925 14276 00000014175.00
05347  20200901 20200910 20200925 10610 00000003600.00
05351  20200901 20200910 20200925 11791 00000045589.00
05354  20200901 20200910 20200925 10535 00000008583.00
05365  20200901 20200910 20200925 12519 00000007783.00
05377  20200901 20200910 20200925 10782 00000003444.00
05379  20200901 20200910 20200925 12350 00000035862.00
05386  20200901 20200910 20200925 12764 00000003619.00
05401  20200901 20200910 20200925 12248 00000014315.00
05415  20200901 20200910 20200925 10830 00000013842.00
05420  20200901 20200910 20200925 13036 00000007019.00
05435  20200901 20200910 20200925 12665 00000008388.00
05460  20200901 20200910 20200925 12190 00000006983.00
05467  20200901 20200910 20200925 10856 00000001158.00
05469  20200901 20200910 20200925 12534 00000007452.00
05471  20200901 20200910 20200925 11004 00000000036.00
05473  20200901 20200910 20200925 12072 00000004526.00
05474  20200901 20200910 20200925 13314 00000009241.00
05477  20200901 20200910 20200925 11020 00000002630.00
05480  20200901 20200910 20200925 11403 00000010812.00
05488  20200901 20200910 20200925 11838 00000005253.00
05494  20200901 20200910 20200925 11532 00000003124.00
05510  20200901 20200910 20200925 11571 00000007862.00
05516  20200901 20200910 20200925 11028 00000005109.00
05531  20200901 20200910 20200925 12426 00000003283.00
05541  20200901 20200910 20200925 10857 00000006969.00
05548  20200901 20200910 20200925 10758 00000002513.00
05579  20200901 20200910 20200925 11795 00000011151.00
05590  20200901 20200910 20200925 11088 00000007507.00
05591  20200901 20200910 20200925 11806 00000008843.00
05601  20200901 20200910 20200925 12284 00000006973.00
05608  20200901 20200910 20200925 12961 00000001857.00
05610  20200901 20200910 20200925 13281 00000004854.00
05615  20200901 20200910 20200925 13398 00000014012.00
05619  20200901 20200910 20200925 12033 00000014541.00
05663  20200901 20200910 20200925 11009 00000008849.00
05670  20200901 20200910 20200925 12162 00000023193.00
05679  20200901 20200910 20200925 14149 00000006035.00
05707  20200901 20200910 20200925 13918 00000005714.00
05718  20200901 20200910 20200925 12843 00000001659.00
05736  20200901 20200910 20200925 10891 00000008163.00
05738  20200901 20200910 20200925 11149 00000002722.00
05749  20200901 20200910 20200925 13681 00000004383.00
05751  20200901 20200910 20200925 14277 00000035369.00
05758  20200901 20200910 20200925 12025 00000025003.00
05759  20200901 20200910 20200925 10952 00000013194.00
05778  20200901 20200910 20200925 12750 00000025324.00
05783  20200901 20200910 20200925 12758 00000004390.00
05784  20200901 20200910 20200925 11371 00000007132.00
05787  20200901 20200910 20200925 11739 00000008632.00
05795  20200901 20200910 20200925 11538 00000000238.00
05800  20200901 20200910 20200925 11171 00000001131.00
05801  20200901 20200910 20200925 11167 00000001587.00
05808  20200901 20200910 20200925 10788 00000003846.00
05825  20200901 20200910 20200925 11617 00000023134.00
05830  20200901 20200910 20200925 12215 00000006037.00
05831  20200901 20200910 20200925 12647 00000015802.00
05848  20200901 20200910 20200925 11127 00000009501.00
05856  20200901 20200910 20200925 12148 00000019336.00
05860  20200901 20200910 20200925 10907 00000001520.00
05864  20200901 20200910 20200925 12205 00000011627.00
05865  20200901 20200910 20200925 12607 00000006351.00
05881  20200901 20200910 20200925 14323 00000007481.00
05882  20200901 20200910 20200925 11198 00000003672.00
05914  20200901 20200910 20200925 12398 00000005986.00
05915  20200901 20200910 20200925 11600 00000001399.00
05924  20200901 20200910 20200925 12980 00000001515.00
05928  20200901 20200910 20200925 11733 00000003332.00
05932  20200901 20200910 20200925 11347 00000002098.00
05937  20200901 20200910 20200925 11616 00000013171.00
05945  20200901 20200910 20200925 13537 00000001492.00
05950  20200901 20200910 20200925 13272 00000015189.00
05955  20200901 20200910 20200925 12816 00000012915.00
05958  20200901 20200910 20200925 12760 00000009872.00
05959  20200901 20200910 20200925 11908 00000017921.00
05964  20200901 20200910 20200925 11696 00000010465.00
05965  20200901 20200910 20200925 11718 00000002168.00
05970  20200901 20200910 20200925 11742 00000003365.00
05971  20200901 20200910 20200925 12568 00000024644.00
05972  20200901 20200910 20200925 12191 00000001642.00
05973  20200901 20200910 20200925 11714 00000006181.00
05975  20200901 20200910 20200925 13334 00000006379.00
05977  20200901 20200910 20200925 11741 00000007894.00
05981  20200901 20200910 20200925 11853 00000001092.00
05984  20200901 20200910 20200925 14307 00000000133.00
05987  20200901 20200910 20200925 11706 00000001441.00
05989  20200901 20200910 20200925 12131 00000005980.00
06007  20200901 20200910 20200925 11841 00000000333.00
06010  20200901 20200910 20200925 11934 00000035201.00
06017  20200901 20200910 20200925 11769 00000001498.00
06029  20200901 20200910 20200925 11744 00000014753.00
06039  20200901 20200910 20200925 11987 00000002150.00
06042  20200901 20200910 20200925 12259 00000014858.00
06048  20200901 20200910 20200925 12661 00000011101.00
06050  20200901 20200910 20200925 13683 00000033595.00
06052  20200901 20200910 20200925 13295 00000001897.00
06055  20200901 20200910 20200925 13809 00000008393.00
06065  20200901 20200910 20200925 11786 00000004718.00
06068  20200901 20200910 20200925 12297 00000014828.00
06071  20200901 20200910 20200925 12123 00000008070.00
06072  20200901 20200910 20200925 13343 00000000859.00
06075  20200901 20200910 20200925 11809 00000086137.00
06077  20200901 20200910 20200925 12331 00000001511.00
06088  20200901 20200910 20200925 11816 00000002999.00
06102  20200901 20200910 20200925 12891 00000002063.00
06108  20200901 20200910 20200925 12161 00000008293.00
06120  20200901 20200910 20200925 12031 00000001765.00
06124  20200901 20200910 20200925 12655 00000002589.00
06126  20200901 20200910 20200925 12466 00000019207.00
06133  20200901 20200910 20200925 13139 00000008382.00
06141  20200901 20200910 20200925 12276 00000002971.00
06160  20200901 20200910 20200925 13852 00000008266.00
06167  20200901 20200910 20200925 12424 00000004160.00
06169  20200901 20200910 20200925 12124 00000014624.00
06171  20200901 20200910 20200925 12383 00000040349.00
06172  20200901 20200910 20200925 12533 00000000753.00
06178  20200901 20200910 20200925 12818 00000051095.00
06179  20200901 20200910 20200925 12821 00000002697.00
06199  20200901 20200910 20200925 10974 00000015616.00
06200  20200901 20200910 20200925 12352 00000003887.00
06207  20200901 20200910 20200925 12432 00000014476.00
06208  20200901 20200910 20200925 12445 00000000325.00
06209  20200901 20200910 20200925 13065 00000023486.00
06211  20200901 20200910 20200925 13419 00000069416.00
06214  20200901 20200910 20200925 12044 00000004462.00
06215  20200901 20200910 20200925 13907 00000005541.00
06225  20200901 20200910 20200925 12355 00000043227.00
06228  20200901 20200910 20200925 12440 00000012487.00
06240  20200901 20200910 20200925 12357 00000003291.00
06242  20200901 20200910 20200925 12378 00000000535.00
06247  20200901 20200910 20200925 12363 00000018743.00
06257  20200901 20200910 20200925 12405 00000014897.00
06258  20200901 20200910 20200925 12410 00000006392.00
06267  20200901 20200910 20200925 12622 00000007892.00
06272  20200901 20200910 20200925 12748 00000009201.00
06273  20200901 20200910 20200925 12422 00000014550.00
06275  20200901 20200910 20200925 13450 00000004693.00
06278  20200901 20200910 20200925 13339 00000005035.00
06286  20200901 20200910 20200925 13046 00000011336.00
06287  20200901 20200910 20200925 13712 00000012922.00
06289  20200901 20200910 20200925 11595 00000003288.00
06292  20200901 20200910 20200925 12385 00000008589.00
06296  20200901 20200910 20200925 11193 00000014452.00
06304  20200901 20200910 20200925 12835 00000001629.00
06309  20200901 20200910 20200925 12580 00000015523.00
06310  20200901 20200910 20200925 11224 00000008862.00
06322  20200901 20200910 20200925 13491 00000007860.00
06323  20200901 20200910 20200925 13501 00000002714.00
06329  20200901 20200910 20200925 13242 00000039904.00
06341  20200901 20200910 20200925 11376 00000006626.00
06366  20200901 20200910 20200925 13468 00000015279.00
06376  20200901 20200910 20200925 12595 00000003989.00
06377  20200901 20200910 20200925 13029 00000014333.00
06380  20200901 20200910 20200925 12718 00000014658.00
06383  20200901 20200910 20200925 12663 00000025373.00
06392  20200901 20200910 20200925 12632 00000002498.00
06399  20200901 20200910 20200925 10964 00000002645.00
06402  20200901 20200910 20200925 12752 00000002757.00
06408  20200901 20200910 20200925 13378 00000001664.00
06410  20200901 20200910 20200925 14142 00000000026.00
06412  20200901 20200910 20200925 12487 00000001413.00
06422  20200901 20200910 20200925 10363 00000004485.00
06427  20200901 20200910 20200925 12654 00000005180.00
06432  20200901 20200910 20200925 13627 00000001238.00
06436  20200901 20200910 20200925 10189 00000137383.00
06439  20200901 20200910 20200925 10143 00000002460.00
06440  20200901 20200910 20200925 13360 00000009827.00
06448  20200901 20200910 20200925 13452 00000002881.00
06452  20200901 20200910 20200925 14268 00000001471.00
06455  20200901 20200910 20200925 12728 00000003262.00
06461  20200901 20200910 20200925 13013 00000005670.00
06462  20200901 20200910 20200925 12814 00000006721.00
06467  20200901 20200910 20200925 12769 00000014239.00
06471  20200901 20200910 20200925 13244 00000005983.00
06473  20200901 20200910 20200925 12722 00000033603.00
06488  20200901 20200910 20200925 14261 00000012037.00
06489  20200901 20200910 20200925 12713 00000009797.00
06492  20200901 20200910 20200925 10024 00000016197.00
06494  20200901 20200910 20200925 13470 00000014968.00
06508  20200901 20200910 20200925 14253 00000005548.00
06510  20200901 20200910 20200925 12866 00000026519.00
06521  20200901 20200910 20200925 12909 00000010381.00
06523  20200901 20200910 20200925 13699 00000003481.00
06530  20200901 20200910 20200925 12987 00000003534.00
06534  20200901 20200910 20200925 13023 00000003942.00
06538  20200901 20200910 20200925 13089 00000017859.00
06545  20200901 20200910 20200925 13680 00000003618.00
06550  20200901 20200910 20200925 13623 00000001118.00
06554  20200901 20200910 20200925 10682 00000009088.00
06571  20200901 20200910 20200925 13840 00000012436.00
06603  20200901 20200910 20200925 13167 00000011672.00
06624  20200901 20200910 20200925 14445 00000029949.00
06638  20200901 20200910 20200925 13854 00000003291.00
06648  20200901 20200910 20200925 13211 00000022026.00
06650  20200901 20200910 20200925 13930 00000001031.00
06653  20200901 20200910 20200925 14073 00000013464.00
06655  20200901 20200910 20200925 13872 00000006492.00
06664  20200901 20200910 20200925 14303 00000018094.00
06668  20200901 20200910 20200925 13480 00000003142.00
06680  20200901 20200910 20200925 14128 00000027171.00
06696  20200901 20200910 20200925 13214 00000002391.00
06704  20200901 20200910 20200925 13178 00000002157.00
06713  20200901 20200910 20200925 10686 00000001102.00
06717  20200901 20200910 20200925 13294 00000004532.00
06733  20200901 20200910 20200925 13279 00000012428.00
06734  20200901 20200910 20200925 13289 00000005005.00
06735  20200901 20200910 20200925 13305 00000003154.00
06736  20200901 20200910 20200925 13431 00000003584.00
06741  20200901 20200910 20200925 13341 00000004650.00
06758  20200901 20200910 20200925 13359 00000001417.00
06760  20200901 20200910 20200925 13394 00000009402.00
06762  20200901 20200910 20200925 13372 00000016468.00
06765  20200901 20200910 20200925 13502 00000006744.00
06777  20200901 20200910 20200925 14097 00000008211.00
06785  20200901 20200910 20200925 13514 00000009257.00
06797  20200901 20200910 20200925 13505 00000015605.00
06799  20200901 20200910 20200925 14294 00000003979.00
06802  20200901 20200910 20200925 13504 00000002582.00
06807  20200901 20200910 20200925 13528 00000009596.00
06814  20200901 20200910 20200925 13541 00000009893.00
06818  20200901 20200910 20200925 13956 00000004285.00
06820  20200901 20200910 20200925 13550 00000002554.00
06832  20200901 20200910 20200925 13813 00000004069.00
06834  20200901 20200910 20200925 13727 00000024466.00
06837  20200901 20200910 20200925 14044 00000012243.00
06842  20200901 20200910 20200925 13642 00000021589.00
06848  20200901 20200910 20200925 13777 00000021429.00
06852  20200901 20200910 20200925 14249 00000001713.00
06860  20200901 20200910 20200925 13817 00000000444.00
06866  20200901 20200910 20200925 13551 00000005977.00
06871  20200901 20200910 20200925 13637 00000004859.00
06877  20200901 20200910 20200925 13838 00000002935.00
06883  20200901 20200910 20200925 13929 00000008765.00
06886  20200901 20200910 20200925 13790 00000004711.00
06898  20200901 20200910 20200925 13884 00000036241.00
06917  20200901 20200910 20200925 14273 00000004520.00
06919  20200901 20200910 20200925 13663 00000012235.00
06923  20200901 20200910 20200925 14121 00000009844.00
06950  20200901 20200910 20200925 14180 00000004601.00
06955  20200901 20200910 20200925 13566 00000001176.00
06958  20200901 20200910 20200925 14430 00000007668.00
06960  20200901 20200910 20200925 13567 00000006559.00
06962  20200901 20200910 20200925 13707 00000004634.00
06964  20200901 20200910 20200925 14031 00000007698.00
06972  20200901 20200910 20200925 14111 00000022393.00
06988  20200901 20200910 20200925 13759 00000000510.00
06991  20200901 20200910 20200925 13571 00000008507.00
06996  20200901 20200910 20200925 13670 00000000025.00
07000  20200901 20200910 20200925 13581 00000004933.00
07005  20200901 20200910 20200925 13843 00000002335.00
07014  20200901 20200910 20200925 13572 00000015909.00
07027  20200901 20200910 20200925 13886 00000006844.00
07029  20200901 20200910 20200925 13641 00000004383.00
07037  20200901 20200910 20200925 13826 00000163947.00
07039  20200901 20200910 20200925 13582 00000013523.00
07045  20200901 20200910 20200925 14424 00000013312.00
07060  20200901 20200910 20200925 14057 00000002202.00
07061  20200901 20200910 20200925 13621 00000006540.00
07074  20200901 20200910 20200925 13754 00000000715.00
07095  20200901 20200910 20200925 13749 00000001733.00
07097  20200901 20200910 20200925 13595 00000001816.00
07108  20200901 20200910 20200925 13628 00000009972.00
07116  20200901 20200910 20200925 14178 00000011299.00
07122  20200901 20200910 20200925 14403 00000002373.00
07127  20200901 20200910 20200925 13643 00000007265.00
07134  20200901 20200910 20200925 14169 00000002621.00
07141  20200901 20200910 20200925 14371 00000009290.00
07144  20200901 20200910 20200925 13738 00000005313.00
07147  20200901 20200910 20200925 13658 00000006587.00
07149  20200901 20200910 20200925 14028 00000002853.00
07151  20200901 20200910 20200925 14327 00000014490.00
07153  20200901 20200910 20200925 14334 00000012027.00
07163  20200901 20200910 20200925 13710 00000006974.00
07169  20200901 20200910 20200925 13577 00000001446.00
07185  20200901 20200910 20200925 13728 00000000632.00
07198  20200901 20200910 20200925 14087 00000000936.00
07207  20200901 20200910 20200925 13618 00000002547.00
07212  20200901 20200910 20200925 14280 00000002545.00
07215  20200901 20200910 20200925 14279 00000001021.00
07221  20200901 20200910 20200925 13674 00000006188.00
07222  20200901 20200910 20200925 14379 00000009487.00
07234  20200901 20200910 20200925 14203 00000001660.00
07236  20200901 20200910 20200925 13747 00000004201.00
07255  20200901 20200910 20200925 13808 00000006233.00
07257  20200901 20200910 20200925 14356 00000004151.00
07264  20200901 20200910 20200925 13625 00000005466.00
07267  20200901 20200910 20200925 13896 00000020270.00
07275  20200901 20200910 20200925 14312 00000006458.00
07276  20200901 20200910 20200925 13614 00000002665.00
07285  20200901 20200910 20200925 13711 00000002331.00
07293  20200901 20200910 20200925 13831 00000033352.00
07302  20200901 20200910 20200925 13656 00000006092.00
07306  20200901 20200910 20200925 14119 00000003268.00
07312  20200901 20200910 20200925 14369 00000012632.00
07318  20200901 20200910 20200925 13682 00000006051.00
07323  20200901 20200910 20200925 13645 00000007132.00
07335  20200901 20200910 20200925 14061 00000006720.00
07343  20200901 20200910 20200925 13632 00000004948.00
07371  20200901 20200910 20200925 13705 00000001290.00
07372  20200901 20200910 20200925 13647 00000013660.00
07377  20200901 20200910 20200925 13713 00000007806.00
07380  20200901 20200910 20200925 13659 00000003567.00
07388  20200901 20200910 20200925 13937 00000002993.00
07397  20200901 20200910 20200925 14009 00000002538.00
07398  20200901 20200910 20200925 13726 00000012592.00
07403  20200901 20200910 20200925 14244 00000005269.00
07405  20200901 20200910 20200925 14095 00000032977.00
07408  20200901 20200910 20200925 13687 00000001843.00
07411  20200901 20200910 20200925 14197 00000007146.00
07420  20200901 20200910 20200925 14376 00000005151.00
07421  20200901 20200910 20200925 14418 00000027837.00
07429  20200901 20200910 20200925 14048 00000004389.00
07432  20200901 20200910 20200925 13673 00000014240.00
07435  20200901 20200910 20200925 13692 00000005156.00
07438  20200901 20200910 20200925 14110 00000007677.00
07449  20200901 20200910 20200925 13697 00000015468.00
07452  20200901 20200910 20200925 14293 00000008021.00
07457  20200901 20200910 20200925 13964 00000005679.00
07459  20200901 20200910 20200925 14181 00000002537.00
07463  20200901 20200910 20200925 14066 00000001982.00
07467  20200901 20200910 20200925 13742 00000025157.00
07477  20200901 20200910 20200925 13750 00000045095.00
07482  20200901 20200910 20200925 14440 00000013220.00
07491  20200901 20200910 20200925 13735 00000010570.00
07501  20200901 20200910 20200925 14088 00000026780.00
07507  20200901 20200910 20200925 13739 00000015483.00
07518  20200901 20200910 20200925 13938 00000035705.00
07530  20200901 20200910 20200925 13757 00000005291.00
07532  20200901 20200910 20200925 13791 00000009918.00
07538  20200901 20200910 20200925 13875 00000003093.00
07541  20200901 20200910 20200925 14158 00000015890.00
07544  20200901 20200910 20200925 13773 00000007068.00
07552  20200901 20200910 20200925 13867 00000078943.00
07558  20200901 20200910 20200925 14166 00000001434.00
07563  20200901 20200910 20200925 14150 00000005684.00
07569  20200901 20200910 20200925 14340 00000004689.00
07594  20200901 20200910 20200925 14246 00000005196.00
07595  20200901 20200910 20200925 13824 00000007327.00
07596  20200901 20200910 20200925 13853 00000012607.00
07609  20200901 20200910 20200925 13772 00000004925.00
07629  20200901 20200910 20200925 13917 00000002423.00
07630  20200901 20200910 20200925 14217 00000005196.00
07648  20200901 20200910 20200925 14314 00000013526.00
07678  20200901 20200910 20200925 13788 00000000128.00
07685  20200901 20200910 20200925 14305 00000012943.00
07688  20200901 20200910 20200925 14050 00000005512.00
07708  20200901 20200910 20200925 13888 00000005762.00
07710  20200901 20200910 20200925 13859 00000002542.00
07712  20200901 20200910 20200925 14236 00000022949.00
07714  20200901 20200910 20200925 14298 00000019377.00
07771  20200901 20200910 20200925 14153 00000000967.00
07772  20200901 20200910 20200925 14416 00000006728.00
07791  20200901 20200910 20200925 14001 00000005976.00
07802  20200901 20200910 20200925 14037 00000009385.00
07807  20200901 20200910 20200925 13785 00000010848.00
07836  20200901 20200910 20200925 14093 00000006529.00
07847  20200901 20200910 20200925 13874 00000010770.00
07866  20200901 20200910 20200925 13885 00000051366.00
07890  20200901 20200910 20200925 14032 00000000906.00
07894  20200901 20200910 20200925 14072 00000015746.00
07895  20200901 20200910 20200925 13847 00000011243.00
07906  20200901 20200910 20200925 14103 00000007732.00
07919  20200901 20200910 20200925 14427 00000009982.00
07920  20200901 20200910 20200925 14109 00000032388.00
07921  20200901 20200910 20200925 14172 00000002401.00
07923  20200901 20200910 20200925 14234 00000001278.00
07924  20200901 20200910 20200925 14428 00000012084.00
07927  20200901 20200910 20200925 14130 00000024374.00
07929  20200901 20200910 20200925 14329 00000020970.00
07930  20200901 20200910 20200925 14174 00000010538.00
07938  20200901 20200910 20200925 14434 00000001915.00
07951  20200901 20200910 20200925 13829 00000010143.00
07952  20200901 20200910 20200925 13828 00000011224.00
07959  20200901 20200910 20200925 13849 00000012126.00
07966  20200901 20200910 20200925 14202 00000066462.00
07967  20200901 20200910 20200925 13857 00000028228.00
07980  20200901 20200910 20200925 13898 00000082957.00
07984  20200901 20200910 20200925 14411 00000010697.00
07991  20200901 20200910 20200925 14231 00000003694.00
08000  20200901 20200910 20200925 13858 00000009119.00
08002  20200901 20200910 20200925 14005 00000001226.00
08004  20200901 20200910 20200925 13997 00000001266.00
08009  20200901 20200910 20200925 14232 00000003529.00
08020  20200901 20200910 20200925 14224 00000015750.00
08028  20200901 20200910 20200925 14104 00000041303.00
08041  20200901 20200910 20200925 14431 00000000274.00
08043  20200901 20200910 20200925 14064 00000006060.00
08051  20200901 20200910 20200925 13882 00000002020.00
08053  20200901 20200910 20200925 14417 00000002736.00
08056  20200901 20200910 20200925 14266 00000001602.00
08071  20200901 20200910 20200925 14045 00000009213.00
08073  20200901 20200910 20200925 13914 00000003453.00
08077  20200901 20200910 20200925 13922 00000001857.00
08081  20200901 20200910 20200925 14422 00000023360.00
08093  20200901 20200910 20200925 14069 00000028196.00
08095  20200901 20200910 20200925 14220 00000003130.00
08101  20200901 20200910 20200925 14256 00000002879.00
08103  20200901 20200910 20200925 14414 00000003746.00
08108  20200901 20200910 20200925 14421 00000019371.00
08114  20200901 20200910 20200925 13957 00000001640.00
08124  20200901 20200910 20200925 14067 00000000730.00
08131  20200901 20200910 20200925 14226 00000001411.00
08141  20200901 20200910 20200925 13971 00000007455.00
08147  20200901 20200910 20200925 14004 00000017434.00
08148  20200901 20200910 20200925 14408 00000028367.00
08152  20200901 20200910 20200925 14156 00000000512.00
08159  20200901 20200910 20200925 13952 00000020508.00
08177  20200901 20200910 20200925 13949 00000004832.00
08179  20200901 20200910 20200925 14022 00000015114.00
08187  20200901 20200910 20200925 14083 00000005040.00
08189  20200901 20200910 20200925 14263 00000000668.00
08193  20200901 20200910 20200925 14002 00000007250.00
08194  20200901 20200910 20200925 14159 00000007380.00
08199  20200901 20200910 20200925 14300 00000028221.00
08208  20200901 20200910 20200925 14131 00000011466.00
08220  20200901 20200910 20200925 14391 00000006052.00
08221  20200901 20200910 20200925 14364 00000019295.00
08226  20200901 20200910 20200925 14015 00000007910.00
08228  20200901 20200910 20200925 14055 00000103005.00
08229  20200901 20200910 20200925 14267 00000019641.00
08230  20200901 20200910 20200925 14096 00000016466.00
08233  20200901 20200910 20200925 14383 00000004919.00
08246  20200901 20200910 20200925 14170 00000006905.00
08247  20200901 20200910 20200925 14133 00000008560.00
08249  20200901 20200910 20200925 14101 00000015169.00
08251  20200901 20200910 20200925 14014 00000003342.00
08252  20200901 20200910 20200925 14407 00000027230.00
08254  20200901 20200910 20200925 14297 00000002914.00
08261  20200901 20200910 20200925 14124 00000013596.00
08262  20200901 20200910 20200925 14125 00000002214.00
08264  20200901 20200910 20200925 14378 00000003432.00
08266  20200901 20200910 20200925 14387 00000003351.00
08267  20200901 20200910 20200925 14368 00000000369.00
08268  20200901 20200910 20200925 14395 00000002637.00
08269  20200901 20200910 20200925 14211 00000003124.00
08279  20200901 20200910 20200925 14023 00000007937.00
08282  20200901 20200910 20200925 14039 00000013274.00
08284  20200901 20200910 20200925 14398 00000002695.00
08290  20200901 20200910 20200925 14406 00000004248.00
08299  20200901 20200910 20200925 14206 00000001295.00
08305  20200901 20200910 20200925 14262 00000015011.00
08316  20200901 20200910 20200925 14419 00000002773.00
08318  20200901 20200910 20200925 14284 00000003743.00
08329  20200901 20200910 20200925 14135 00000002514.00
08334  20200901 20200910 20200925 14251 00000035764.00
08342  20200901 20200910 20200925 14079 00000010175.00
08350  20200901 20200910 20200925 14168 00000001115.00
08355  20200901 20200910 20200925 14429 00000009129.00
08358  20200901 20200910 20200925 14374 00000008060.00
08359  20200901 20200910 20200925 14247 00000000249.00
08360  20200901 20200910 20200925 14396 00000013621.00
08361  20200901 20200910 20200925 14287 00000004531.00
08370  20200901 20200910 20200925 14362 00000004915.00
08382  20200901 20200910 20200925 14054 00000007498.00
08395  20200901 20200910 20200925 14299 00000000395.00
08410  20200901 20200910 20200925 14349 00000018112.00
08420  20200901 20200910 20200925 14189 00000021226.00
08423  20200901 20200910 20200925 14182 00000002757.00
08426  20200901 20200910 20200925 14328 00000005101.00
08431  20200901 20200910 20200925 14274 00000001250.00
08442  20200901 20200910 20200925 14357 00000041976.00
08453  20200901 20200910 20200925 14116 00000027687.00
08468  20200901 20200910 20200925 14320 00000011115.00
08469  20200901 20200910 20200925 14394 00000016873.00
08470  20200901 20200910 20200925 14412 00000025836.00
08471  20200901 20200910 20200925 14238 00000009302.00
08489  20200901 20200910 20200925 14435 00000010140.00
08502  20200901 20200910 20200925 14160 00000010299.00
08503  20200901 20200910 20200925 14321 00000002464.50
08507  20200901 20200910 20200925 14324 00000024432.00
08521  20200901 20200910 20200925 14242 00000006935.00
08527  20200901 20200910 20200925 14215 00000000868.00
08538  20200901 20200910 20200925 14355 00000004838.00
08539  20200901 20200910 20200925 14404 00000013678.00
08553  20200901 20200910 20200925 14235 00000006983.00
08557  20200901 20200910 20200925 14257 00000047043.00
08558  20200901 20200910 20200925 14332 00000015162.00
08569  20200901 20200910 20200925 14399 00000043292.00
08577  20200901 20200910 20200925 14269 00000023786.00
08581  20200901 20200910 20200925 14351 00000021224.00
08588  20200901 20200910 20200925 14296 00000045469.00
08592  20200901 20200910 20200925 14243 00000002258.00
08593  20200901 20200910 20200925 14348 00000010426.00
08603  20200901 20200910 20200925 14304 00000004737.00
08605  20200901 20200910 20200925 14315 00000001472.00
08606  20200901 20200910 20200925 14281 00000003646.00
08612  20200901 20200910 20200925 14330 00000004282.00
08615  20200901 20200910 20200925 14250 00000012010.00
08617  20200901 20200910 20200925 14219 00000017039.00
08618  20200901 20200910 20200925 14400 00000014975.00
08630  20200901 20200910 20200925 14265 00000027630.00
08631  20200901 20200910 20200925 14436 00000028709.00
08635  20200901 20200910 20200925 14325 00000082242.00
08648  20200901 20200910 20200925 14260 00000020143.00
08653  20200901 20200910 20200925 14233 00000010123.00
08664  20200901 20200910 20200925 14388 00000006741.00
08673  20200901 20200910 20200925 14290 00000003307.00
08675  20200901 20200910 20200925 14386 00000005367.00
08682  20200901 20200910 20200925 14310 00000007450.00
08685  20200901 20200910 20200925 14318 00000002197.00
08694  20200901 20200910 20200925 14352 00000032206.00
08695  20200901 20200910 20200925 14346 00000006766.00
08702  20200901 20200910 20200925 14373 00000006806.00
08704  20200901 20200910 20200925 14380 00000010233.00
08706  20200901 20200910 20200925 14441 00000012719.00
08709  20200901 20200910 20200925 14360 00000012872.00
08711  20200901 20200910 20200925 14423 00000001935.00
08712  20200901 20200910 20200925 14392 00000018098.00
08715  20200901 20200910 20200925 14382 00000025556.00
08726  20200901 20200910 20200925 14420 00000051587.00
08733  20200901 20200910 20200925 14372 00000060437.00
08737  20200901 20200910 20200925 14439 00000030648.00
08743  20200901 20200910 20200925 14375 00000005150.00
08744  20200901 20200910 20200925 14370 00000003136.00
08748  20200901 20200910 20200925 14405 00000018498.00
08757  20200901 20200910 20200925 14438 00000010522.00
08762  20200901 20200910 20200925 14442 00000015503.00
01813  20200901 20200910 20200925 13602 00000000162.00
03730  20200901 20200910 20200925 11992 00000000057.00
04485  20200901 20200910 20200925 12314 00000000026.00
05041  20200901 20200910 20200925 14163 00000000076.00
05853  20200901 20200910 20200925 10969 00000000100.00
06265  20200901 20200910 20200925 13159 00000000710.00
06572  20200901 20200910 20200925 13095 00000000237.00
07012  20200901 20200910 20200925 13686 00000000704.00
07099  20200901 20200910 20200925 13913 00000000727.00
07332  20200901 20200910 20200925 13895 00000000172.00
07361  20200901 20200910 20200925 13803 00000000066.00
07905  20200901 20200910 20200925 14012 00000000126.00
08218  20200901 20200910 20200925 14426 00000000046.00
08600  20200901 20200910 20200925 14218 00000005070.00